61 15 18 9 38 39 31 8 59 40 63 24 10 51 45 35 0 39 34 43 53 47 1 58 15 8 57 0 28 7 43 6 15 53 21 62 57 56 10 43 33 16
54 30 44 50 6 53 16 16 55 61 31 18 8 32 59 37 38 59 15 43 49 42 45 9 63 26 34 42 17 3 45 10 50 23 60 3 41 13 30 25 19 3
24 3 31 10 11 42 16 58 26 42 9 45 57 51 63 42 15 20 35 38 61 47 8 13 48 28 29 3 9 38 30 11 49 1 31 31 36 11 43 4 21 31
24 41 14 14 62 17 25 46 8 61 54 53 51 51 16 18 54 21 23 58 22 36 12 1 36 42 25 43 10 52 16 22 24 51 22 17 58 6 62 51 60 17
16 28 35 2 51 44 31 62 39 21 30 46 10 61 1 41 11 30 62 59 6 30 53 31 20 26 43 8 9 55 55 17 55 14 24 18 26 11 43 49 40 38
29 27 59 52 29 40 59 52 10 28 26 38 7 21 25 11 30 13 7 63 44 49 15 41 45 10 54 21 7 16 8 29 56 51 6 19 52 62 31 12 5 4
38 63 46 47 1 40 10 11 37 5 24 48 62 13 43 1 52 33 4 30 62 61 5 58 43 53 21 12 62 61 43 26 51 11 32 46 25 40 62 39 55 56
27 46 50 40 12 59 4 20 32 58 23 2 1 45 36 47 45 31 34 9 27 34 50 29 52 23 52 26 51 12 48 20 20 4 38 63 62 30 51 20 13 33
54 22 8 40 4 60 40 22 62 20 51 35 38 36 16 19 22 7 49 62 52 31 23 49 11 38 61 16 60 62 28 35 43 26 22 19 61 4 3 40 50 8
18 4 55 5 58 36 35 24 52 11 55 53 11 7 19 21 53 36 18 14 61 42 37 24 47 6 35 5 22 6 29 3 47 18 2 59 15 48 63 21 62 21
26 44 45 4 44 40 3 49 47 5 61 51 36 34 60 14 24 49 19 24 1 38 44 48 19 44 62 62 39 22 47 53 8 58 10 14 22 28 46 56 51 9
52 41 63 30 37 63 38 53 44 54 30 34 53 11 34 15 17 2 3 51 3 7 38 59 17 32 12 46 31 7 16 50 9 47 37 35 18 29 56 57 56 54
6 40 0 17 48 45 55 18 37 59 24 55 12 28 1 35 7 41 4 38 61 58 11 63 12 56 16 30 22 4 18 49 1 27 28 59 39 48 34 17 26 36
15 40 7 6 35 46 51 0 5 8 39 50 7 21 4 3 44 50 20 18 63 30 14 26 16 18 43 25 0 7 11 42 45 10 36 32 44 47 6 32 31 48
3 13 27 23 45 48 33 30 37 59 8 31 63 19 20 30 59 28 28 31 2 2 12 3 25 62 39 29 23 25 38 51 18 39 61 13 5 42 4 57 29 30
35 35 3 21 55 40 45 9 63 9 43 59 2 2 56 23 54 28 11 57 47 18 41 47 48 6 6 29 49 47 15 32 44 20 40 55 12 56 35 58 29 40
23 10 24 13 21 36 30 62 50 40 20 5 10 19 20 32 21 63 31 57 46 11 41 26 41 4 24 15 50 43 46 35 46 11 17 43 45 6 31 5 62 46
63 60 10 36 24 42 35 2 14 5 2 41 55 1 21 41 47 26 61 43 0 34 21 4 27 38 2 40 30 52 31 13 4 26 57 21 2 33 39 31 56 56
23 17 35 26 60 60 18 24 55 14 4 35 5 0 36 34 8 40 40 1 1 11 53 42 34 30 40 33 30 47 2 9 46 8 43 4 28 17 22 29 31 13
16 43 42 8 62 34 60 7 26 23 51 28 17 0 44 11 10 54 44 2 37 16 20 25 1 49 45 56 18 51 5 46 13 51 5 43 58 59 26 19 17 56
57 2 31 24 3 42 58 1 18 26 26 11 5 30 6 44 0 4 41 37 58 22 53 14 22 43 20 56 8 51 15 62 21 62 23 43 58 31 28 3 20 15
37 52 3 16 28 26 15 27 55 13 28 28 41 13 11 51 26 38 41 22 56 36 43 5 37 60 32 22 40 56 58 14 60 22 59 30 20 52 5 52 1 10
15 29 56 50 21 27 5 21 48 10 48 43 9 21 15 5 57 27 54 49 45 60 28 50 14 3 22 22 19 26 13 60 12 27 15 22 25 59 2 62 53 24
55 32 52 25 27 42 5 34 57 40 41 62 6 43 27 7 49 36 24 5 40 21 1 34 46 61 57 40 16 53 37 50 57 11 16 50 12 13 62 53 45 50
37 39 28 18 21 17 36 1 47 43 5 41 9 55 28 24 59 29 54 9 24 33 34 27 8 55 49 52 26 42 63 5 4 38 29 47 0 22 57 20 30 51
32 6 24 51 29 41 21 40 30 44 41 17 24 59 16 51 6 62 14 50 53 57 28 61 62 36 28 10 40 15 35 25 46 50 26 3 54 17 11 11 6 23
62 20 40 38 24 4 34 33 22 13 40 48 4 19 62 55 60 55 3 19 7 33 41 31 29 51 25 23 19 58 7 3 53 42 23 39 34 49 17 23 12 43
37 40 9 6 49 39 36 61 4 3 18 38 0 61 24 41 33 35 5 6 17 39 4 29 32 18 58 31 56 38 49 51 28 9 27 9 54 32 19 29 62 51
14 33 59 21 28 27 53 9 11 18 50 45 50 48 23 0 25 56 39 15 12 46 16 12 38 29 50 34 33 35 12 29 2 15 36 15 27 59 10 53 60 51
30 0 57 12 46 17 12 12 26 23 42 24 56 37 37 9 58 1 3 35 61 51 59 9 35 60 21 18 39 2 53 60 23 16 55 5 28 19 5 59 43 10
12 46 57 12 50 7 17 27 44 55 33 7 3 44 10 4 54 20 42 40 11 35 53 13 7 2 45 22 57 40 23 18 52 44 38 58 29 23 55 27 44 44
35 42 23 7 0 55 40 7 63 1 45 24 33 30 47 61 53 18 50 34 36 63 42 6 8 15 19 11 60 33 38 27 24 27 50 24 11 53 60 30 45 35
12 13 12 41 38 0 50 12 41 3 14 38 32 13 22 38 53 38 14 6 18 19 45 10 43 9 60 5 4 61 15 41 34 18 23 31 49 35 18 10 9 46
44 35 17 44 20 3 43 23 32 34 11 24 52 32 57 47 21 28 6 23 21 46 36 45 4 12 54 49 0 38 20 60 37 52 11 41 13 3 40 50 61 61
56 37 48 20 42 17 43 25 15 57 63 56 40 62 8 7 40 21 28 18 22 1 21 49 30 22 30 47 24 16 6 33 22 35 52 6 58 4 16 39 38 53
46 35 28 44 55 54 17 3 60 29 17 42 61 25 42 5 50 27 34 14 45 56 39 10 15 47 36 23 43 16 20 3 25 27 29 5 26 42 14 1 60 32
43 5 48 13 25 0 61 7 47 0 16 33 27 33 8 2 4 15 18 43 35 7 42 44 36 38 3 29 3 29 49 16 53 6 2 53 61 18 27 53 53 35
20 10 47 27 5 51 55 24 61 36 10 0 52 24 16 37 54 56 11 1 9 19 17 54 0 62 56 3 55 19 3 50 0 7 51 31 51 11 63 53 58 21
59 38 40 18 12 61 58 19 44 26 18 60 50 40 42 57 62 2 49 20 14 45 54 15 0 42 32 14 63 19 10 25 15 53 16 25 0 46 3 7 53 29
4 20 28 14 35 10 32 31 23 34 58 2 9 13 3 19 1 13 26 61 1 39 15 11 20 2 45 20 22 62 8 62 43 18 9 34 37 7 60 25 48 3
50 8 23 16 19 33 39 30 1 41 62 19 51 25 5 4 35 37 3 28 43 13 6 36 18 59 4 50 29 35 59 46 6 46 2 53 40 25 44 37 3 57
25 2 0 12 3 36 38 39 40 51 4 14 29 29 33 40 18 41 3 28 63 59 62 0 62 38 46 34 3 25 56 35 44 26 61 31 10 57 7 32 0 0
30 59 39 59 29 11 63 31 3 34 48 63 21 21 58 57 21 13 16 17 16 31 35 32 44 42 32 19 33 45 54 28 37 1 45 58 44 52 10 19 59 28
4 9 49 12 27 59 27 46 33 22 48 13 55 39 56 4 5 29 55 38 24 45 23 7 58 55 22 24 44 30 35 24 43 31 40 25 29 3 42 12 29 9
8 56 56 31 4 34 11 36 43 56 47 63 13 46 19 14 1 17 56 35 5 57 12 0 43 59 12 26 34 51 10 52 19 1 43 37 35 58 31 5 33 38
46 12 37 21 50 53 40 58 10 22 45 59 16 47 52 5 1 53 39 16 56 58 0 11 6 8 58 33 6 37 52 11 18 34 50 11 61 13 38 50 39 11
27 57 38 52 31 15 13 18 9 45 41 10 54 51 12 21 37 13 19 58 37 53 15 27 6 34 37 49 18 44 29 53 58 25 41 0 60 59 14 60 42 8
31 12 26 11 42 58 52 44 55 0 4 55 39 58 18 14 19 44 60 26 20 4 9 44 12 2 11 14 58 57 25 30 39 15 56 41 50 19 26 14 28 21
56 39 63 4 35 46 42 63 50 62 2 37 57 29 5 30 50 48 8 32 42 10 63 29 17 4 58 3 48 17 49 55 28 37 14 44 1 47 58 21 3 23
16 46 2 46 7 31 10 57 58 13 31 8 37 31 2 59 21 57 41 9 25 21 8 24 46 53 56 13 61 51 57 7 46 63 0 35 34 29 18 37 48 12
37 20 10 3 22 55 22 49 14 44 44 2 44 30 13 20 32 16 13 63 46 7 9 37 60 29 1 10 43 24 12 1 23 56 15 16 14 10 47 29 20 0
36 39 61 43 60 61 6 22 24 28 37 36 4 48 46 5 2 18 59 21 28 16 63 5 31 18 45 37 19 49 46 8 38 51 58 11 13 22 48 44 55 19
30 0 17 38 53 36 42 2 41 21 23 53 42 19 5 63 40 22 59 18 35 48 15 33 54 22 16 39 55 28 32 3 20 19 57 49 12 20 3 44 33 19
62 17 56 41 38 1 13 19 3 62 29 17 17 19 47 54 14 21 2 44 15 8 2 22 43 42 50 17 11 18 27 1 10 45 60 52 19 2 12 58 51 40
12 10 11 36 22 13 49 47 20 62 29 23 20 33 49 12 57 33 55 60 6 23 60 60 51 3 62 21 61 5 52 4 24 49 38 18 30 62 42 34 6 46
56 56 49 10 29 45 14 7 60 47 13 36 26 26 21 39 29 40 58 62 40 54 56 33 24 49 36 25 21 57 10 33 12 47 35 2 19 20 14 48 18 20
63 34 6 28 53 57 27 62 49 13 13 21 36 41 53 4 17 24 13 37 58 24 16 55 44 14 15 21 2 12 52 37 60 32 42 49 26 11 21 54 48 40
44 25 46 17 6 47 21 38 45 29 59 28 32 34 37 44 54 60 62 8 46 42 45 13 1 57 32 29 13 25 3 38 29 22 56 61 33 25 52 15 40 26
22 49 58 1 55 44 44 30 6 31 4 12 56 61 0 61 62 11 29 20 17 5 13 18 8 60 38 34 57 48 33 45 59 0 0 19 31 58 24 52 53 6
58 27 14 52 1 45 5 22 28 45 45 43 41 7 10 19 25 13 13 58 56 49 12 58 6 34 63 28 52 32 54 21 10 60 28 17 48 0 23 12 48 21
4 51 34 50 19 21 36 50 10 58 41 31 43 40 32 44 34 17 46 51 20 33 40 49 14 22 58 33 42 16 45 40 42 22 7 50 31 41 57 61 61 26
44 3 4 28 42 61 39 13 6 50 41 41 4 9 57 10 43 24 51 24 35 11 45 37 16 43 48 3 29 21 25 2 61 6 26 26 17 51 8 20 32 2
11 40 52 20 14 44 4 2 52 59 21 14 27 34 46 25 6 56 4 36 62 32 34 29 23 19 1 37 37 11 6 50 57 50 10 41 32 23 38 12 45 11
32 4 12 44 4 32 9 46 22 46 3 41 5 12 53 37 14 45 10 6 48 49 34 10 35 20 60 0 54 16 33 21 43 35 9 14 22 36 45 20 28 45
63 46 23 18 21 55 53 22 61 21 20 59 61 45 17 3 8 20 55 47 13 1 55 54 43 19 42 42 30 9 57 20 0 29 18 54 10 25 12 14 16 49
0 53 17 17 21 2 54 22 42 21 19 54 27 8 60 26 22 55 38 39 51 37 2 24 49 37 52 49 45 7 33 6 46 5 51 20 2 42 46 56 20 46
36 7 54 49 60 18 6 29 63 7 4 7 42 36 19 16 34 27 27 45 51 38 24 63 39 1 2 49 60 6 42 39 57 29 50 63 5 34 16 43 45 63
11 31 35 28 17 20 23 17 26 54 31 43 26 14 21 7 41 21 34 49 3 43 5 13 43 14 50 46 10 54 43 58 25 46 17 38 48 49 4 8 52 7
49 33 32 33 24 39 21 32 52 29 42 15 28 40 49 45 38 42 38 28 50 23 10 37 59 32 50 61 59 55 45 15 53 9 1 29 40 26 45 35 50 4
30 31 4 44 2 21 4 61 35 34 6 52 55 37 41 39 46 9 0 45 35 1 28 58 44 27 32 45 0 5 38 52 3 14 30 6 0 33 15 43 47 8
38 39 11 14 34 24 34 21 57 61 33 24 37 5 62 3 18 55 13 19 33 16 22 18 24 32 27 29 58 39 29 35 20 34 58 12 18 9 51 33 58 8
5 58 19 0 20 55 24 0 36 22 51 8 26 26 62 1 43 24 47 34 15 54 42 50 3 23 44 55 24 7 19 17 33 24 46 44 48 40 60 16 59 36
18 63 22 8 33 30 2 56 62 27 33 41 8 8 9 9 36 2 41 8 28 41 29 8 16 37 12 40 12 56 5 55 17 39 47 13 7 62 7 9 19 52
51 0 5 18 12 25 27 19 58 42 9 1 15 39 41 63 43 60 43 59 21 41 19 14 49 55 13 32 17 38 59 22 0 48 40 15 42 2 48 3 8 21
11 13 6 37 53 63 8 36 49 24 18 22 4 37 10 62 20 52 7 34 28 3 52 24 60 53 17 54 56 1 44 41 34 22 60 60 63 40 52 57 48 48
20 51 46 53 46 55 34 45 24 1 53 18 9 18 19 15 22 10 49 18 46 13 37 0 62 51 30 10 44 11 12 36 30 45 44 46 16 56 31 20 23 8
47 6 28 9 60 28 26 34 25 12 51 25 26 0 32 40 1 26 42 7 51 30 47 8 7 4 25 4 26 32 22 33 38 45 43 14 50 41 8 48 46 51
56 29 48 57 57 59 21 29 53 34 58 44 21 16 56 20 57 36 51 50 24 25 32 37 33 20 21 17 1 34 47 11 8 37 16 6 34 41 31 59 47 27
3 2 51 15 53 43 10 16 55 42 62 45 25 53 2 62 30 9 10 61 48 39 33 18 47 51 16 48 13 26 25 43 18 60 4 59 41 1 2 21 1 31
10 31 10 29 40 62 2 2 49 59 24 63 28 58 56 49 8 10 20 20 2 47 27 31 37 27 31 31 41 15 47 34 1 23 45 22 1 22 4 61 24 50
19 20 14 56 9 45 28 51 16 12 42 44 61 5 60 59 0 56 4 50 10 61 63 48 14 41 44 31 61 46 32 15 12 14 21 18 9 18 58 10 62 45
29 63 36 0 52 7 9 61 1 55 63 16 60 23 28 9 10 2 8 21 51 19 55 47 28 46 60 10 28 22 58 35 3 36 47 34 55 4 45 39 34 33
14 46 58 35 35 40 12 53 0 51 7 13 63 63 24 6 60 15 34 20 39 25 35 26 19 61 57 18 13 60 7 56 33 45 9 21 53 31 0 29 60 44
31 2 58 7 10 0 0 32 36 2 55 11 38 12 43 41 8 25 44 26 13 61 59 37 8 56 43 51 58 62 59 27 37 40 36 30 12 51 50 35 12 14
33 62 25 23 21 27 7 7 25 17 1 57 26 60 17 36 27 17 1 57 5 19 39 45 17 44 57 17 9 24 2 21 39 25 13 51 19 9 5 21 63 19
38 40 5 59 8 22 11 10 8 50 6 39 49 61 24 36 49 29 1 9 38 58 41 25 22 42 58 4 3 57 24 38 37 62 4 38 35 6 56 20 50 52
33 14 18 15 39 41 25 47 63 56 30 42 63 26 38 33 34 57 32 62 54 5 19 7 24 41 48 51 4 13 45 48 15 52 12 19 37 28 50 14 31 7
23 36 41 48 22 37 14 0 18 0 13 47 59 57 52 29 49 21 34 21 10 47 38 29 43 29 24 7 38 18 23 1 3 54 56 18 1 10 4 3 35 42
27 42 43 15 19 60 17 47 55 60 57 14 17 30 22 47 14 53 45 35 39 8 60 45 30 54 15 39 14 58 60 62 23 18 35 53 5 38 32 37 16 4
46 59 5 45 8 60 11 33 33 24 5 9 9 61 25 39 19 48 14 29 8 0 4 19 25 22 50 12 50 21 51 18 38 15 61 15 55 16 47 25 51 51
46 60 29 61 63 48 27 31 9 56 37 43 14 60 9 16 39 58 50 1 57 22 6 12 56 51 10 58 63 25 17 62 29 58 21 22 37 15 53 26 18 12
9 61 52 46 58 22 53 8 51 22 43 36 28 44 29 5 27 38 20 27 28 5 25 27 53 14 42 60 7 4 60 45 14 57 6 41 18 26 56 35 57 40
34 14 10 27 46 16 13 59 30 14 27 32 2 46 48 5 48 33 13 13 44 9 35 6 6 17 34 38 34 53 12 6 36 29 61 11 32 34 57 61 56 24
61 24 1 20 26 21 52 32 37 25 3 23 49 20 54 34 55 35 36 51 42 57 0 34 7 40 11 60 15 52 33 24 19 35 34 45 50 40 10 37 28 44
50 37 34 34 43 59 20 51 9 21 7 9 54 26 35 38 0 41 9 7 31 29 17 8 14 48 36 27 27 20 61 13 0 54 25 49 52 49 37 18 28 42
45 35 6 17 22 0 47 41 20 38 39 50 49 6 39 28 53 30 28 47 21 16 9 21 49 44 31 17 33 36 37 25 21 12 36 61 42 61 24 50 56 46
22 44 5 3 47 20 9 62 47 51 46 18 9 63 23 2 31 53 21 32 22 3 61 26 62 29 26 62 55 13 41 9 43 26 27 59 47 37 54 1 1 46
3 60 56 30 29 18 40 32 24 27 42 37 60 51 7 60 23 3 35 10 26 1 4 13 31 23 16 1 30 22 29 18 35 50 54 5 28 47 49 34 57 50
7 38 5 62 27 12 53 56 7 37 24 8 60 52 37 8 3 46 26 19 38 26 26 63 23 44 1 20 55 34 20 23 44 32 61 33 14 55 22 27 8 63
32 29 45 21 15 55 27 31 7 0 12 55 6 12 59 54 47 8 26 49 3 18 46 6 60 62 45 8 16 15 13 23 44 5 13 50 20 17 63 49 14 62
