12 11 31 41 3 61 12 12 46 23 35 35 6 20 34 6 36 38 36 51 5 3 16 9 24 61 32 9 15 55 38 12 30 32 7 42 4 29 8 47 61 6
58 19 4 15 23 39 7 12 1 38 51 21 62 44 37 58 5 21 42 14 18 36 50 11 50 16 59 36 12 5 4 32 32 43 20 22 63 0 59 44 50 48
34 38 49 58 46 48 16 11 47 46 50 44 37 27 41 21 49 46 34 14 4 28 42 53 13 35 11 39 46 17 21 24 51 46 23 34 21 55 13 19 12 53
48 40 28 55 14 55 35 0 35 63 52 9 59 62 47 1 60 38 52 60 15 26 19 37 54 30 34 52 30 11 28 12 1 41 58 50 5 15 49 31 24 51
26 7 45 31 14 22 34 5 35 62 61 28 9 4 44 7 1 27 51 35 62 42 15 61 16 48 29 24 10 57 16 29 4 57 61 15 61 46 19 54 11 25
14 31 49 18 51 34 24 7 44 13 24 14 24 2 40 39 16 5 53 4 26 22 30 22 22 5 42 38 62 11 6 24 27 30 45 28 6 46 20 39 48 19
12 29 11 8 9 6 10 5 51 26 30 8 11 53 42 39 33 41 37 61 32 31 25 12 52 23 11 54 28 47 36 14 14 13 48 4 29 30 63 8 5 11
23 61 28 52 38 42 44 39 48 37 11 49 30 61 33 41 19 43 5 63 12 4 53 10 22 40 35 31 26 36 49 21 63 27 19 46 52 15 5 60 33 8
56 59 53 34 14 49 3 46 42 10 24 14 20 6 4 44 43 51 37 11 29 24 40 62 35 21 61 41 19 32 28 48 19 30 5 52 10 1 4 0 58 49
36 45 38 51 3 23 35 61 16 45 6 27 48 14 12 17 15 24 60 17 33 22 1 41 22 5 1 19 41 49 28 24 59 52 56 29 49 1 23 14 30 13
29 29 25 9 37 20 12 43 2 20 34 17 45 58 30 62 22 35 29 8 46 17 56 2 27 14 14 30 16 20 53 28 7 23 19 19 47 13 1 35 53 43
55 58 9 45 31 1 46 7 40 21 51 63 23 52 50 52 0 41 17 60 61 35 30 30 49 50 56 41 23 16 39 44 18 39 34 1 46 18 5 51 25 25
45 19 27 60 24 24 20 51 24 54 15 38 38 54 36 55 57 20 37 19 4 13 48 8 25 19 13 36 1 63 7 42 15 63 39 55 51 17 61 53 51 19
8 2 37 21 48 35 25 34 52 30 29 62 34 49 30 57 48 7 49 56 14 47 1 59 35 31 24 63 26 15 30 58 31 38 33 46 37 43 29 16 21 24
60 50 56 54 35 35 61 45 33 46 0 38 0 42 54 5 9 15 60 41 15 6 10 56 44 22 0 6 7 44 23 44 31 52 53 30 20 10 44 44 14 47
55 26 51 15 33 42 45 47 6 31 34 18 50 18 13 3 25 57 60 10 52 49 4 29 40 57 50 21 0 31 30 9 29 56 24 49 44 49 43 16 28 34
56 7 28 14 29 39 54 36 61 3 51 60 25 24 12 34 41 55 3 16 8 2 8 19 42 39 3 36 19 14 40 25 42 63 35 12 41 15 21 16 15 62
53 4 19 29 45 12 32 0 63 26 17 48 14 25 10 31 46 47 28 53 19 21 47 44 37 2 40 29 44 14 11 27 22 14 34 51 40 33 26 27 21 53
59 20 8 17 41 4 48 21 54 33 59 7 51 55 26 26 20 14 55 12 61 62 16 28 47 43 29 50 44 23 28 4 1 33 1 63 47 40 51 63 1 49
42 44 54 16 1 55 63 41 13 42 45 11 52 36 16 26 53 61 18 7 6 15 59 29 54 14 13 62 10 34 42 28 27 37 28 9 43 2 18 15 32 10
34 3 38 61 39 42 46 25 2 36 13 8 47 45 32 21 44 9 47 25 8 49 11 26 27 16 4 3 22 11 11 2 46 28 63 26 53 51 50 20 40 57
35 39 19 57 1 22 48 30 10 23 4 2 56 6 27 21 21 29 12 17 28 5 39 37 23 40 46 6 30 61 32 14 3 7 0 32 3 44 0 56 54 57
63 49 44 33 30 25 9 41 24 34 29 26 48 0 11 29 39 27 54 61 17 8 62 16 40 37 15 41 23 42 60 8 14 29 36 31 12 22 16 40 12 32
59 27 59 55 41 2 43 37 52 48 60 3 36 19 17 48 7 13 9 53 60 60 11 15 14 37 5 53 3 41 29 49 1 47 23 19 44 45 43 10 23 18
8 60 31 54 19 47 25 40 17 10 30 51 55 35 22 62 61 49 46 31 45 15 56 22 40 43 38 62 7 31 16 13 50 13 62 46 11 54 47 1 54 18
33 27 49 25 42 37 26 60 33 52 21 54 56 52 13 12 27 30 32 14 6 35 13 27 43 26 13 25 46 32 10 55 4 49 25 51 23 26 52 8 34 18
37 57 38 19 23 62 25 5 49 55 0 49 14 9 55 0 58 60 45 9 62 56 9 58 30 28 63 24 40 4 45 52 56 35 1 12 53 31 22 3 38 20
1 42 20 26 34 54 52 25 30 51 13 48 54 25 44 12 38 1 5 30 49 27 36 1 11 47 42 17 12 9 20 4 0 31 24 29 17 54 36 50 2 45
63 60 49 0 15 34 47 40 25 6 39 7 32 43 40 38 8 8 15 1 30 42 6 28 11 29 11 60 13 35 48 5 28 16 21 60 55 51 12 54 44 62
36 57 37 37 48 29 10 3 35 43 38 63 16 49 30 25 55 1 38 2 17 11 7 40 15 36 19 6 22 58 40 17 29 11 55 63 22 51 39 28 5 21
46 42 20 44 17 61 18 20 23 59 39 52 51 48 43 4 56 41 47 63 45 9 63 44 60 25 61 49 51 58 63 3 61 36 10 60 12 36 62 13 1 55
51 3 59 19 0 14 20 39 6 6 16 18 44 38 41 60 57 20 30 45 24 41 24 55 9 47 15 44 43 22 49 42 55 51 47 27 62 48 59 42 2 15
29 63 50 0 30 11 22 11 0 61 50 15 58 52 31 25 17 49 2 14 29 43 28 15 13 50 54 6 29 58 22 56 25 57 12 41 54 2 44 33 42 59
37 39 51 1 18 31 11 54 59 5 50 49 25 11 0 36 50 25 27 59 52 35 32 63 0 45 31 43 45 41 18 38 23 5 36 63 6 22 27 7 27 17
23 51 33 4 41 14 37 16 33 8 16 62 62 46 21 14 33 19 23 35 41 8 28 9 21 20 62 14 20 15 51 63 38 14 30 59 47 7 44 52 22 12
35 47 33 35 21 58 56 22 0 61 6 2 13 27 19 17 34 24 50 50 39 2 48 25 48 53 26 27 49 8 7 26 18 19 7 1 26 43 19 19 5 13
61 20 5 36 18 33 25 33 54 63 13 44 32 43 17 37 19 17 4 28 61 19 21 41 57 3 16 23 63 55 36 49 16 5 52 38 37 60 31 54 22 17
34 6 38 24 10 34 58 34 52 61 46 6 63 55 48 44 42 54 40 53 63 54 0 11 22 27 6 13 43 58 45 56 9 38 49 19 54 25 60 28 37 4
60 10 11 52 45 21 39 31 54 33 13 59 55 35 52 24 39 9 56 26 1 39 57 50 36 43 60 1 38 13 32 48 42 7 51 1 22 19 50 16 23 41
46 24 6 6 35 23 1 56 40 1 16 29 17 27 42 41 21 5 39 51 45 31 24 47 61 13 33 52 5 49 17 37 37 15 9 56 57 11 49 28 39 56
1 11 59 14 46 42 6 16 50 55 0 9 38 16 43 41 0 39 53 12 31 21 60 50 50 1 11 44 32 37 39 2 17 12 44 49 61 21 1 56 57 1
8 49 51 0 53 44 36 47 6 56 58 7 46 25 61 53 29 35 55 29 24 41 38 51 54 23 59 39 39 54 30 16 12 61 6 57 55 25 3 9 20 13
8 53 42 4 52 63 24 59 35 40 48 26 55 32 15 6 42 14 24 10 42 48 33 52 63 58 28 61 25 59 3 50 61 47 25 48 25 28 55 55 15 51
42 57 52 12 23 54 31 43 63 62 50 5 38 4 6 33 44 18 22 21 4 21 36 44 2 37 20 45 54 51 52 0 12 59 45 46 13 44 26 10 18 20
21 19 20 34 63 58 31 3 38 32 25 49 18 46 63 48 12 2 7 7 63 11 18 52 0 48 24 61 18 16 45 8 60 42 33 44 38 44 35 34 4 52
42 40 4 33 29 2 47 24 62 15 23 23 60 13 2 5 37 4 19 37 18 36 49 61 5 54 3 55 8 11 15 63 28 10 21 11 46 59 8 40 5 5
55 59 31 52 50 54 30 24 51 58 14 60 59 35 14 50 51 47 42 60 20 26 49 45 44 4 50 39 41 53 53 14 61 47 39 11 51 4 15 34 34 3
2 6 48 20 23 48 20 15 28 54 10 31 0 45 14 59 19 51 10 34 61 21 33 22 21 46 11 5 61 4 3 53 41 11 41 33 31 46 39 15 63 12
22 14 55 45 44 54 4 30 26 58 56 7 28 22 25 45 26 23 40 15 13 44 48 15 20 45 47 32 15 6 36 16 63 33 17 57 54 40 20 49 51 41
5 42 41 9 28 19 57 3 58 26 43 25 0 14 43 20 55 27 24 51 37 51 22 45 20 4 3 11 12 7 18 56 22 6 12 28 20 10 10 13 0 57
18 22 58 29 30 3 27 6 3 16 62 21 29 38 57 51 13 21 60 30 57 51 17 36 39 30 57 3 51 49 50 34 7 22 36 29 47 21 23 12 7 62
50 19 50 4 8 10 4 15 49 29 45 16 19 57 42 49 32 3 59 30 52 36 39 33 54 59 35 19 35 47 6 0 6 24 5 12 11 2 45 3 24 7
17 0 21 61 28 4 31 32 29 31 0 62 15 2 6 44 45 21 18 53 31 25 39 29 23 58 45 18 32 36 52 37 44 23 4 32 12 49 60 50 27 50
44 59 3 46 42 54 36 56 1 46 7 57 62 19 9 48 25 40 55 42 36 62 18 7 2 20 63 11 53 40 34 22 33 22 47 0 5 62 11 51 49 47
18 54 27 33 61 6 7 22 27 56 52 24 10 1 56 58 35 62 32 41 4 41 51 46 11 30 48 34 13 7 26 32 21 30 61 8 8 35 7 14 56 24
9 60 36 47 9 10 45 10 2 18 28 43 28 57 60 52 37 8 50 49 60 4 51 32 42 56 6 1 12 7 59 15 3 7 56 52 51 18 21 21 25 59
48 21 14 5 16 47 36 15 18 13 6 16 28 45 12 25 7 62 55 53 26 58 6 52 7 47 11 3 60 10 5 41 19 54 44 17 49 21 18 19 5 25
59 24 50 15 12 2 38 48 54 2 54 50 36 17 10 58 12 47 16 36 31 29 55 62 39 20 49 35 0 2 47 62 41 31 48 37 20 4 19 37 57 2
34 27 10 31 63 57 55 37 62 8 54 16 55 11 39 5 4 17 56 2 37 63 14 60 4 3 59 7 5 18 40 53 27 8 19 24 36 12 15 23 52 58
22 61 34 63 17 11 38 2 16 20 3 56 0 62 46 52 41 20 0 38 34 32 60 38 42 36 43 37 49 54 42 6 23 28 30 58 33 24 26 23 1 25
40 1 27 32 38 9 41 57 49 8 57 24 13 54 54 41 61 20 54 62 38 32 27 28 18 53 31 10 2 17 39 8 58 44 36 36 51 51 1 44 34 31
22 33 17 23 34 63 18 50 48 47 32 7 11 23 20 36 54 8 53 32 63 54 30 26 55 36 24 13 3 47 27 57 37 12 12 61 54 31 41 46 8 41
40 26 45 57 62 27 37 22 23 63 17 20 4 59 2 25 40 2 57 33 26 36 23 39 7 51 44 3 20 18 32 7 2 7 20 14 3 55 1 27 59 53
16 23 20 60 63 34 51 34 13 45 32 1 45 42 48 3 53 32 17 43 54 15 45 47 38 18 4 49 47 12 4 10 53 56 42 20 38 41 0 21 56 23
28 12 13 49 57 14 39 16 63 63 24 27 19 44 20 14 27 24 3 59 37 31 31 9 11 46 56 37 59 47 11 8 13 36 36 12 18 61 20 45 62 31
59 6 34 40 25 3 48 22 40 22 55 1 46 45 34 30 34 3 61 10 23 0 36 48 44 18 17 25 57 20 20 52 55 60 12 0 20 22 13 51 38 42
7 58 60 13 6 8 5 9 33 24 34 50 52 2 51 28 41 8 55 57 23 60 4 55 10 50 35 6 14 48 2 50 17 19 28 11 35 43 5 13 53 24
59 32 54 1 62 19 23 13 8 7 60 57 51 3 4 19 56 26 49 12 18 44 56 26 8 27 11 63 1 63 40 21 2 25 18 9 55 43 55 25 44 28
26 28 54 45 54 46 16 14 26 23 5 62 16 27 14 10 24 43 7 32 45 41 1 60 5 20 15 54 39 31 40 60 50 62 17 37 28 49 50 3 39 48
58 46 39 37 43 41 60 43 24 24 20 16 8 31 54 48 31 28 62 49 12 30 30 41 48 5 11 63 9 9 40 29 54 44 0 11 62 15 51 1 8 4
39 49 21 40 11 22 24 24 35 61 14 40 30 21 16 46 3 22 54 11 27 57 19 19 30 52 19 34 24 53 26 18 63 27 63 7 14 4 29 4 43 31
8 44 42 27 21 38 56 54 11 29 23 27 17 24 40 45 61 57 19 54 24 46 24 58 8 22 57 55 61 40 43 12 58 45 6 52 5 32 8 36 11 56
52 34 23 11 10 61 51 43 34 9 58 33 6 55 57 36 52 3 21 39 32 37 23 21 60 14 33 48 37 31 36 58 51 6 42 61 52 47 0 0 7 18
43 35 25 4 15 41 42 25 4 4 32 9 55 18 4 7 61 4 53 22 59 52 37 55 54 14 10 3 52 22 20 49 34 41 11 17 40 38 30 22 53 31
8 33 55 50 28 24 52 5 63 31 9 21 8 32 53 48 4 18 21 48 57 24 43 29 34 13 56 4 16 61 37 60 54 48 3 28 0 63 44 42 14 32
3 26 19 17 53 63 25 54 55 11 12 48 2 27 57 34 19 4 10 43 3 31 21 3 58 46 62 14 61 51 3 58 31 1 5 50 17 60 25 6 20 49
15 20 42 16 13 63 40 32 42 33 52 56 16 48 14 62 27 38 55 51 22 50 60 36 54 10 21 27 14 42 7 43 18 16 31 33 14 31 50 59 18 1
61 32 45 15 32 27 7 24 63 11 31 45 38 56 45 25 45 20 40 7 13 26 41 58 3 1 21 8 61 39 45 13 29 3 23 55 14 22 7 14 15 52
63 20 1 57 26 29 55 57 1 39 2 6 1 15 10 20 47 13 44 55 10 5 16 10 62 29 8 58 28 40 26 49 3 12 48 41 28 14 33 25 62 14
12 25 30 55 61 2 58 44 26 14 62 53 15 10 56 50 22 7 21 28 38 48 11 5 40 31 34 23 37 9 62 52 13 30 45 2 19 57 31 2 43 4
51 5 26 8 35 14 32 16 38 54 49 57 58 61 37 17 39 63 18 12 1 55 18 49 22 17 31 33 53 1 49 39 28 57 61 38 0 29 47 62 36 35
29 19 16 10 32 58 26 35 47 34 21 19 35 24 40 47 29 10 51 37 39 19 47 49 60 47 45 38 58 10 61 50 27 32 32 21 28 20 3 5 61 61
32 62 47 16 34 55 50 24 25 53 2 5 3 58 40 10 58 1 5 19 35 49 13 37 50 3 41 9 56 27 7 44 0 15 13 52 51 15 13 7 25 19
32 33 41 13 29 24 42 32 28 24 38 11 19 37 35 60 59 34 14 56 17 18 8 30 1 4 14 4 57 26 50 27 7 50 24 6 63 60 38 15 26 42
20 19 1 45 58 55 16 40 21 26 24 11 20 20 8 1 40 21 47 52 14 3 7 13 48 58 35 36 10 21 63 45 21 57 30 53 1 44 34 53 44 49
45 13 33 39 30 9 56 28 52 4 27 29 42 63 52 7 37 17 25 56 4 17 38 17 47 53 9 11 18 35 44 14 16 13 23 13 46 13 3 34 58 7
16 38 17 38 50 30 8 7 24 7 26 58 45 25 38 17 3 25 63 45 6 21 37 60 22 45 17 60 56 13 58 18 48 24 11 45 36 53 11 12 6 61
23 38 58 16 38 5 35 0 48 45 3 58 41 35 50 56 34 19 41 38 32 62 15 57 40 25 6 4 21 6 17 40 36 23 29 50 12 26 11 59 17 16
51 12 3 8 24 7 6 4 40 0 18 38 15 46 38 17 50 63 10 19 40 49 5 29 6 59 35 0 46 24 11 43 57 12 10 21 62 9 14 34 51 31
43 44 32 22 9 6 5 60 22 48 51 2 0 37 31 24 25 59 25 34 58 19 1 60 0 59 50 37 45 53 46 31 44 61 23 1 41 35 0 24 8 61
3 25 1 31 11 33 26 8 59 1 42 26 27 3 55 6 24 63 27 12 15 58 20 9 10 42 26 43 45 3 29 46 57 21 37 5 62 60 25 2 17 14
0 53 36 37 36 36 18 14 57 57 54 2 56 57 43 41 34 30 46 62 9 55 32 9 30 63 54 30 7 51 37 21 54 0 40 32 16 54 24 40 53 60
12 4 49 1 63 14 38 18 18 61 10 2 12 28 61 49 62 58 5 53 38 35 6 46 38 46 27 4 55 23 61 18 8 6 0 40 34 0 42 28 38 24
39 62 36 16 48 34 0 41 21 8 25 10 40 53 24 11 33 30 10 37 17 51 15 54 17 13 51 61 23 53 32 26 36 58 8 46 29 8 8 3 7 27
61 18 58 39 48 15 47 18 37 33 41 25 23 11 34 0 1 33 23 60 7 28 38 63 7 25 10 38 0 38 10 52 38 28 25 35 51 5 58 59 53 7
31 38 24 38 54 25 34 1 48 12 5 34 44 16 14 63 48 21 63 19 47 43 60 56 35 37 20 40 13 62 60 20 7 33 17 43 47 3 24 44 20 7
48 50 62 8 52 21 7 50 59 7 7 6 3 39 30 51 59 3 63 2 52 52 57 13 29 45 11 24 22 34 2 4 27 39 24 61 36 33 55 26 56 60
27 20 27 52 59 50 5 31 34 24 49 24 27 59 10 51 21 19 52 39 52 37 46 11 10 51 36 49 38 51 23 38 27 10 20 57 26 22 54 46 37 10
35 28 24 42 31 42 50 47 41 28 29 20 33 34 9 15 36 15 48 25 47 40 14 5 58 45 58 62 9 40 36 9 4 46 25 2 45 62 1 55 61 37
21 32 3 34 62 53 40 18 26 52 37 36 5 17 43 41 38 58 40 55 24 46 58 49 11 14 43 11 22 38 26 37 20 6 44 16 41 51 53 15 21 39
