12 11 11 41 3 61 20 53 46 23 35 35 6 20 34 38 52 38 36 51 62 3 28 46 24 61 2 46 58 55 38 12 30 32 7 37 7 22 24 47 49 6
58 3 4 15 23 39 52 12 40 38 51 39 54 18 37 58 28 21 42 14 18 36 50 11 50 16 59 36 12 1 4 55 32 43 20 22 63 14 59 44 50 15
34 38 40 58 46 11 16 34 47 46 7 16 37 27 41 21 49 0 34 14 4 9 62 41 29 35 11 39 46 17 52 24 51 33 23 34 21 38 13 19 12 53
48 0 28 46 14 55 35 0 1 30 52 9 59 62 47 1 60 1 0 60 15 55 19 37 54 12 24 59 62 15 52 43 1 42 58 54 5 33 49 31 4 51
33 13 45 31 14 50 34 5 35 62 61 28 9 4 19 27 1 62 51 35 62 42 15 61 16 62 29 24 10 17 16 29 25 57 62 20 1 46 8 54 13 35
9 31 40 11 51 34 24 7 44 15 41 49 24 2 14 39 36 5 2 22 26 22 30 22 31 5 42 38 62 11 53 24 27 37 45 28 6 46 20 39 19 39
51 57 11 0 9 6 1 5 51 26 17 8 11 53 42 13 33 41 59 5 32 31 25 12 42 23 11 54 28 47 36 45 14 13 56 38 30 30 63 8 5 17
39 61 28 52 38 3 54 5 6 37 11 60 4 61 5 41 49 43 5 18 12 4 53 35 40 40 28 31 26 59 49 21 63 8 52 46 52 15 5 60 33 8
39 59 53 18 3 49 3 46 42 9 24 14 20 6 20 44 43 51 35 11 29 24 20 62 35 28 61 41 19 42 28 48 37 30 50 38 10 1 4 0 58 55
33 45 38 51 29 57 15 61 16 45 20 55 48 14 12 17 15 24 60 17 33 10 1 41 22 57 1 19 10 49 28 17 59 52 37 32 19 6 23 14 30 13
12 29 37 9 37 20 42 43 2 20 8 17 45 51 30 62 22 55 58 8 46 58 22 2 23 14 14 30 14 44 18 28 30 23 19 12 47 13 5 35 53 43
6 13 9 45 31 1 14 7 40 11 36 63 19 52 50 52 8 41 17 31 61 35 30 30 28 50 22 41 23 16 39 5 18 39 61 1 46 18 5 51 25 37
41 19 27 17 24 24 41 51 24 54 61 47 38 54 36 55 21 15 37 19 4 13 48 8 25 19 17 36 1 63 49 2 15 25 37 8 51 28 61 28 51 19
8 4 37 21 63 35 25 47 52 24 29 14 34 26 30 57 37 7 37 56 14 47 1 59 35 31 24 63 26 15 30 58 31 62 23 46 37 43 29 7 21 24
60 50 62 54 59 35 50 45 33 40 0 32 0 42 54 5 9 15 60 41 7 44 10 28 44 59 0 24 33 44 23 42 15 52 53 30 20 10 18 44 7 47
9 26 51 21 51 42 45 37 6 24 34 18 50 52 13 3 25 5 43 10 52 49 6 29 40 3 50 21 15 31 26 9 29 56 24 49 44 49 23 16 33 34
56 7 28 62 29 32 54 4 61 3 13 58 25 24 12 13 41 55 54 16 8 2 28 19 3 39 3 36 49 15 40 23 15 63 35 12 41 36 1 16 19 12
53 55 19 29 45 12 32 0 63 26 17 48 61 25 0 4 46 47 28 53 27 21 12 44 37 2 40 29 13 56 11 27 47 14 34 52 40 33 35 19 21 28
59 41 8 39 41 4 48 21 61 33 59 14 51 55 26 26 20 53 53 58 61 34 16 28 47 43 29 56 44 23 28 4 1 33 1 2 47 40 51 43 61 58
42 44 0 16 52 55 63 41 13 42 45 11 52 36 16 26 53 7 18 7 6 63 30 45 54 2 14 62 50 34 42 28 24 37 28 40 43 2 18 15 32 47
34 3 38 61 39 42 2 25 2 36 40 8 47 17 32 21 1 9 47 0 28 49 11 26 27 41 18 3 33 11 11 2 46 28 5 26 53 51 50 20 40 57
54 39 19 17 1 38 48 30 10 23 4 34 56 52 27 21 21 29 10 17 28 5 39 37 23 40 50 6 30 61 32 14 3 7 54 32 49 44 44 12 54 31
63 49 44 33 30 25 9 56 24 34 29 3 29 0 49 29 18 3 54 61 17 8 62 16 40 37 15 28 23 42 60 63 14 62 36 31 12 22 54 40 30 32
59 42 59 55 6 2 43 37 46 48 4 61 36 19 30 48 7 13 62 53 60 19 11 15 14 37 46 48 16 30 45 49 1 4 23 19 44 45 43 10 23 18
8 54 3 54 34 20 25 40 15 8 33 51 41 50 22 25 61 49 46 31 45 15 25 22 61 32 38 62 7 31 16 13 50 13 61 46 11 54 47 1 54 18
23 27 49 3 42 37 28 55 33 52 21 54 56 52 13 12 27 30 32 14 4 35 13 27 43 26 21 12 46 32 46 55 29 20 25 51 56 8 52 8 40 59
37 4 16 19 30 62 54 5 63 55 0 13 14 14 55 0 29 60 46 9 62 56 9 58 53 28 63 24 40 17 45 54 56 35 1 9 6 31 22 3 38 20
1 48 20 26 18 54 52 25 30 51 13 48 54 26 44 38 38 1 5 30 49 57 42 1 39 15 21 17 12 9 20 17 47 31 24 1 17 54 36 14 2 43
7 60 49 4 15 34 47 40 24 3 39 7 24 43 40 38 47 18 15 1 30 42 6 36 46 29 11 38 13 35 48 13 28 16 21 51 55 51 12 54 14 62
36 57 62 22 48 29 28 31 40 43 38 63 61 56 2 16 36 1 38 2 17 17 7 40 15 36 19 6 22 58 40 17 29 11 55 63 22 51 63 28 5 21
46 42 59 44 24 62 18 16 23 24 2 11 51 48 28 51 26 41 47 63 45 48 63 4 60 25 61 49 37 58 63 55 20 6 10 60 55 36 31 13 1 55
51 10 59 19 0 14 20 0 6 6 16 18 11 38 41 60 57 20 30 4 24 41 24 60 41 32 15 3 43 22 32 42 55 51 47 27 62 48 51 42 43 15
29 23 50 26 47 11 22 11 0 61 34 15 58 52 31 25 40 49 2 56 29 20 28 15 13 50 24 6 29 60 0 44 25 57 12 41 27 11 44 33 42 4
37 39 35 1 18 14 38 39 59 5 50 36 25 24 0 36 50 40 27 59 26 35 32 63 0 18 58 43 45 35 18 38 23 5 48 63 6 11 27 22 27 17
23 51 43 4 41 14 48 1 33 8 17 62 62 46 21 15 33 19 23 47 16 8 28 9 21 20 10 14 20 15 46 63 43 6 30 59 47 7 44 52 22 40
3 47 55 33 21 41 56 22 0 61 6 2 13 5 19 17 41 24 50 57 39 2 48 25 48 49 26 27 49 8 30 26 18 11 7 1 9 43 52 26 5 13
10 20 5 36 18 33 25 15 54 63 13 44 17 12 17 1 22 17 4 28 61 19 21 41 57 3 27 2 63 3 50 49 62 5 52 38 63 60 39 11 22 17
34 38 38 24 10 45 22 34 52 4 46 47 63 13 48 44 14 54 40 53 63 54 0 45 40 27 6 13 43 58 45 5 43 10 49 19 2 25 6 28 37 44
60 31 46 52 11 21 39 31 54 33 10 59 50 35 30 24 37 9 0 26 1 39 57 12 36 0 60 1 48 13 32 48 42 7 51 1 22 19 50 16 23 41
46 24 6 63 35 23 1 56 40 1 62 13 23 27 1 41 15 46 39 58 45 31 24 47 61 13 1 52 23 49 17 7 37 15 34 56 57 11 49 28 43 56
1 11 59 4 46 15 25 16 22 55 0 12 38 55 43 41 0 63 53 42 31 21 54 50 50 1 11 44 32 37 12 2 52 48 14 14 45 21 16 53 57 1
8 56 51 34 51 44 37 63 38 56 58 7 46 25 61 53 29 32 61 29 24 41 38 51 54 23 59 39 39 57 30 16 12 36 6 57 20 25 9 9 20 39
8 53 37 4 52 18 57 59 35 40 48 26 55 50 15 42 42 61 24 10 42 48 33 52 63 58 21 61 25 37 32 50 61 32 25 29 53 28 55 55 15 51
42 15 52 12 23 54 49 43 63 62 52 0 38 4 6 33 11 18 1 21 4 26 26 9 2 37 20 60 54 51 52 0 12 59 45 46 13 19 26 42 18 20
21 1 20 34 63 58 31 54 51 32 7 49 18 0 61 48 20 2 7 7 63 11 18 54 0 9 24 52 46 16 45 8 48 42 33 44 18 14 42 34 4 13
42 40 4 33 15 2 47 24 12 42 20 60 60 13 53 5 37 31 19 37 15 36 5 61 5 54 38 55 8 11 51 63 28 39 13 11 46 59 8 10 5 5
44 56 31 41 50 54 30 24 51 55 14 7 26 35 14 50 51 47 42 44 59 26 49 45 44 20 50 39 30 53 28 14 13 47 39 15 51 4 15 51 34 25
2 6 48 20 23 48 20 15 28 54 10 10 0 45 14 59 19 5 10 34 61 50 33 22 60 46 11 55 19 4 3 10 23 11 20 22 33 21 58 32 37 11
22 14 55 0 44 54 4 58 53 58 56 7 43 22 62 45 32 23 63 15 54 44 26 15 4 45 57 32 4 6 36 16 46 33 10 43 54 40 20 49 51 59
5 42 41 9 28 19 57 23 58 26 43 25 5 14 43 20 61 27 14 51 37 51 5 42 18 4 3 38 47 37 18 56 2 6 12 31 20 62 10 13 0 57
18 22 58 50 22 3 27 6 3 4 62 5 33 40 28 32 54 21 60 30 57 51 17 36 60 63 57 3 51 49 50 17 33 22 36 29 47 21 23 30 3 20
40 46 42 27 8 10 4 15 42 57 45 16 19 57 42 49 32 3 59 30 52 36 39 33 61 58 35 19 35 5 6 0 39 24 30 12 11 27 45 3 24 7
17 0 21 20 28 28 31 32 33 47 0 62 0 2 6 44 45 51 53 53 34 25 39 29 23 33 44 18 32 36 38 37 44 26 4 32 12 52 33 50 27 50
44 59 3 46 24 54 36 24 1 46 7 57 3 19 9 48 2 40 55 3 36 6 18 15 53 20 63 11 7 15 48 22 33 22 47 0 42 62 11 43 49 47
3 54 27 33 46 6 34 22 27 56 52 24 4 12 56 16 35 62 32 41 39 27 51 46 11 59 48 34 13 7 26 32 21 12 61 8 8 46 7 14 56 59
9 60 37 58 9 10 25 10 2 18 11 43 28 31 26 13 20 8 50 35 60 4 42 32 29 56 6 1 12 7 59 15 58 23 56 1 51 61 21 9 25 59
48 21 14 5 16 62 35 36 18 13 57 2 41 48 12 25 7 28 55 53 27 58 6 52 7 47 11 3 60 10 5 41 39 54 47 17 49 31 18 26 5 36
56 24 32 7 12 2 38 48 58 2 26 40 21 17 10 58 12 47 52 36 31 21 55 62 39 15 49 35 0 2 47 1 41 31 26 37 6 4 19 58 57 2
24 63 10 31 35 56 13 37 62 8 54 16 55 11 39 5 53 30 56 2 46 59 14 29 4 3 59 7 15 5 61 31 40 8 19 24 36 12 50 23 49 41
22 21 34 63 12 16 38 2 45 20 49 56 16 62 46 52 17 20 10 1 34 32 60 38 42 36 43 11 57 54 42 6 23 28 30 58 33 45 26 23 1 25
40 1 27 32 16 60 32 57 21 8 37 24 58 44 45 41 40 20 54 26 38 25 27 28 18 53 18 10 2 17 39 34 58 44 36 1 49 51 48 44 29 27
22 52 17 23 34 63 18 50 48 47 17 7 11 0 20 21 63 56 53 32 3 33 39 26 55 36 24 62 3 49 27 57 37 46 32 35 54 31 41 47 8 41
40 26 45 1 22 27 37 22 23 24 17 20 4 59 2 25 40 2 40 35 26 36 23 39 7 51 44 26 20 40 25 7 12 30 20 14 63 6 58 27 38 54
16 23 20 60 45 60 5 34 13 45 54 1 32 38 48 3 53 6 6 43 54 15 45 47 35 13 4 49 27 61 4 10 53 56 23 20 43 41 0 21 15 58
28 12 13 49 57 14 22 16 27 63 24 27 55 44 20 14 27 24 3 22 46 31 31 5 11 46 56 61 8 47 11 33 16 36 13 22 18 41 20 45 62 34
59 17 9 58 0 3 48 20 40 22 55 1 46 19 61 30 34 3 61 20 23 0 36 48 44 18 17 25 61 3 20 34 55 60 27 0 20 22 13 11 21 42
7 58 25 13 6 8 5 9 33 24 34 45 22 37 51 45 41 8 55 57 23 60 4 55 10 50 39 6 28 53 2 2 17 19 20 13 35 43 33 13 53 24
59 32 12 1 62 9 23 13 43 7 60 57 19 3 4 19 56 26 49 12 18 44 32 26 8 31 11 15 1 3 32 5 2 3 18 9 55 43 59 29 44 49
50 24 54 45 54 57 24 44 26 23 5 55 7 27 14 10 24 43 7 32 53 41 1 36 26 20 15 54 39 31 40 60 50 62 17 37 63 49 50 3 39 48
58 46 39 37 43 18 19 48 12 56 20 41 8 39 14 48 46 28 25 49 12 30 30 53 48 5 11 63 9 16 41 29 52 44 0 11 62 43 51 1 30 4
39 58 21 22 11 22 37 24 35 16 14 40 30 52 16 46 26 36 54 16 27 57 19 19 30 61 19 11 2 53 26 20 63 27 47 7 14 50 29 23 43 31
7 44 49 33 24 38 56 54 11 29 23 28 23 24 40 45 61 57 19 38 41 36 24 33 8 5 57 55 61 40 23 12 58 33 6 52 4 32 8 36 11 56
52 56 23 23 25 61 57 43 34 7 37 33 6 55 57 36 52 31 21 51 32 37 37 5 60 13 33 48 37 62 2 58 50 10 11 61 52 47 0 0 7 18
27 35 25 13 15 41 24 25 48 4 32 9 55 18 4 7 61 8 32 22 59 52 13 55 54 14 10 37 52 12 20 15 50 41 11 22 40 38 0 22 53 24
8 31 55 11 28 24 28 33 63 31 9 21 8 32 53 39 4 31 48 31 57 2 43 29 34 13 56 4 8 61 37 60 54 51 3 28 15 63 59 0 49 32
5 26 35 20 53 63 35 40 38 11 12 48 2 31 42 32 19 4 10 37 3 31 21 3 58 46 62 14 61 51 3 58 31 59 51 50 17 60 29 6 37 49
16 3 42 50 33 63 40 50 8 55 52 8 16 48 14 43 27 38 55 51 22 21 60 36 59 10 57 27 14 42 7 55 18 16 11 33 14 39 23 59 18 1
33 32 45 15 59 27 7 3 3 31 31 45 38 56 47 25 13 4 57 7 63 26 42 58 3 1 15 8 6 39 45 63 29 38 23 55 14 22 7 53 26 52
63 39 1 2 19 42 17 61 1 22 2 6 1 15 16 20 47 13 55 55 10 5 16 36 62 29 44 58 28 40 41 49 3 1 51 41 7 11 33 25 62 26
12 25 30 55 61 2 58 44 9 61 62 53 1 10 22 14 22 7 21 18 38 48 11 31 40 2 34 7 37 37 36 52 13 30 45 2 19 2 31 61 11 42
51 46 26 8 35 14 53 16 38 54 49 11 14 40 38 27 39 27 18 12 15 24 18 49 22 17 31 33 26 1 49 29 28 13 61 38 0 12 47 62 18 35
1 19 16 10 39 58 61 35 47 43 21 19 11 63 40 47 31 10 10 37 53 41 35 49 60 47 45 42 58 54 61 50 27 32 32 24 28 20 3 5 61 61
32 62 47 16 34 34 43 24 25 53 54 29 15 21 40 10 43 1 5 59 35 49 13 37 50 52 53 30 56 47 58 51 0 15 18 52 51 15 13 63 25 19
61 1 41 12 11 24 42 10 28 42 38 39 27 37 35 32 59 34 14 30 17 56 63 30 1 4 14 4 57 32 50 27 21 8 24 6 63 60 38 15 17 2
20 15 1 45 58 55 49 23 21 26 24 22 20 20 8 5 40 21 47 36 34 39 25 13 48 58 12 36 10 21 62 45 21 57 30 53 47 44 34 53 44 49
45 13 33 39 30 9 42 28 52 4 22 29 24 63 52 61 37 61 37 56 4 35 38 8 47 53 9 11 25 45 55 14 16 13 45 13 15 13 21 34 58 0
16 38 17 38 50 30 19 7 54 7 26 58 45 25 38 19 3 0 63 57 56 21 52 60 22 45 17 60 26 13 24 18 48 23 11 37 36 53 11 60 6 32
23 38 58 9 38 5 51 0 7 45 3 47 41 35 28 56 34 19 46 14 32 62 15 57 40 25 6 4 37 13 48 40 25 8 29 50 12 21 11 59 13 16
51 12 46 8 24 46 43 4 40 0 18 52 30 46 38 17 10 63 26 12 51 49 5 29 3 59 35 63 43 21 11 43 57 12 10 21 62 9 14 34 51 31
49 55 15 22 9 6 5 53 22 48 20 2 0 37 12 24 25 59 25 47 47 19 37 42 0 59 28 37 1 27 46 31 44 4 49 1 41 35 0 24 58 61
3 25 1 31 11 33 26 8 59 1 42 14 27 47 55 36 24 63 36 29 15 28 20 27 10 38 51 43 45 18 38 13 42 17 37 5 62 60 37 2 17 50
0 53 36 1 36 36 18 14 53 57 54 25 56 57 43 41 34 30 46 62 53 2 6 9 30 63 54 30 7 43 37 21 62 25 45 32 16 54 24 14 53 58
12 4 56 1 63 18 38 49 18 61 10 2 44 28 61 49 62 58 5 53 38 31 11 46 43 30 27 4 23 23 61 63 8 6 0 40 46 62 6 28 38 24
39 25 36 16 48 34 0 12 21 8 25 41 46 53 24 11 33 30 10 51 17 51 11 37 20 13 37 55 23 53 44 26 36 37 8 46 5 45 8 3 42 55
61 53 58 39 6 43 47 15 37 47 41 25 23 31 26 0 1 33 23 11 7 28 38 63 7 25 10 38 0 38 10 39 45 2 25 35 35 5 17 26 53 7
31 13 24 36 60 25 47 32 48 12 60 34 44 16 14 63 33 21 31 29 47 43 46 56 35 14 20 40 13 62 60 20 3 33 24 43 47 63 24 44 20 22
48 33 62 36 57 21 7 50 39 7 23 48 3 39 30 6 59 3 63 16 39 49 57 36 51 45 11 24 22 53 2 4 20 39 63 61 5 33 55 55 55 60
51 13 27 52 59 50 5 27 34 46 29 24 30 59 10 51 28 50 52 54 9 37 32 7 15 51 36 49 38 51 23 38 22 10 26 57 26 22 54 46 15 10
35 7 44 42 31 43 14 36 41 28 29 20 33 61 7 15 63 15 48 9 47 54 14 5 58 45 58 52 43 40 28 9 4 46 32 2 45 62 1 35 55 37
21 1 3 34 62 11 51 18 26 52 37 27 9 14 25 41 38 58 40 55 48 7 58 49 5 55 32 11 7 38 26 37 5 6 44 16 41 51 53 7 21 26
